-130.22043343168917 72.65165132644485 0.143782150914 -2.01026190022 0 0 0 
-178.5771041316682 74.51845389623581 -9.19513770609 0.408768365246 0 0 0 
-132.84155700643998 74.5643196435177 -0.342871631445 -3.80785649123 0 0 0 
-169.21291901305378 76.12573328736136 -11.9628177022 2.33715041283 0 0 0 
-163.28935032402123 74.2898640729631 -13.6048113646 0.139762123038 0 0 0 
-160.57990877493808 75.49827935300922 -12.6541766534 0.718217794719 0 0 0 
-163.84418630171643 69.18754658198279 -4.88468112113 -2.45524869709 0 0 0 
-155.9746416277645 67.1285438461765 -3.75729711203 -0.66706097748 0 0 0 
-128.8939966609287 68.55787252071234 1.17953305448 0.750845404837 0 0 0 
-166.56326126683751 76.32283155552989 -11.7761769519 2.28129524537 0 0 0 
-127.7580033870412 67.84618382281616 2.07765575901 0.474379784109 0 0 0 
-164.35879800107142 66.5613446720649 -5.71189476781 -2.78448521688 0 0 0 
-176.79184751076338 74.22685619469935 -9.47969370282 0.171143460922 0 0 0 
-131.37162099489944 66.00663760488254 0.00229737259089 4.10717218155 0 0 0 
-171.3587197513154 65.35295877529322 -4.58779903236 -6.13912763751 0 0 0 
-176.6399659808312 74.77312629358835 -10.2027470587 0.830084369146 0 0 0 
-156.8492202843146 72.69344071120484 -14.529897498 -1.73752775408 0 0 0 
-178.26652681379127 68.72112371579776 -0.782332282856 -2.49987621222 0 0 0 
-127.27555961362557 77.26583787057045 0.104242622402 -5.67556739659 0 0 0 
-160.79481086317128 66.95429973464302 -4.88839434841 -0.995265719224 0 0 0 
-142.80908678542858 75.16411334632778 -3.20920849779 -3.5531366414 0 0 0 
-153.2210943120822 75.18848239706725 -10.2294008906 -1.66369843911 0 0 0 
-171.8220759468294 65.43021220127744 -4.36656769209 -6.19294434221 0 0 0 
-151.93354277270512 71.89648408617121 -13.7968784347 -1.15733706003 0 0 0 
-154.7600265491973 73.37602425265129 -14.0085335186 -1.68785252341 0 0 0 
-173.62321558553518 76.64677881556378 -10.7721920682 2.69129434738 0 0 0 
-129.03326266208745 69.53143612848648 1.02204580146 0.441809433408 0 0 0 
-154.75420908146427 69.60649302675857 -6.89608377207 0.793938006402 0 0 0 
-166.99504260128637 70.3496366092109 -4.89805037263 -3.94246118411 0 0 0 
-136.3701941486417 77.8136157888226 -0.61081896382 -4.47356587726 0 0 0 
-125.84041461382076 76.0179198022434 0.532079897444 -5.46661354441 0 0 0 
-152.3271870629993 76.9625772923728 -4.71440569182 -0.95327774341 0 0 0 
-160.99869921603246 66.48263659456316 -5.20122714431 -1.16299890093 0 0 0 
-176.22165120380026 67.15956929709856 -1.39324490626 -4.89938023754 0 0 0 
-137.49046406151663 69.99642634091039 -5.8903230657 3.59748351499 0 0 0 
-159.52402143846086 73.07073252076214 -13.6806428352 -1.35535849844 0 0 0 
-128.6879557986705 70.1128978331247 1.23282632255 -0.0400778739444 0 0 0 
-142.56335430705215 73.71899779397216 -6.98756422718 -2.16929590681 0 0 0 
-132.32169345823473 77.40925616176341 -0.756699558275 -4.81375345687 0 0 0 
-147.27893182186483 67.90000563122028 -4.85233825068 0.0764945884153 0 0 0 
-129.4490085587859 76.7423059928915 -0.252014013516 -5.13861705139 0 0 0 
-139.60929666900114 69.12289366491316 -6.12512206768 3.1472051102 0 0 0 
-171.4895301417159 66.17902307843131 -3.63301627941 -5.97442009638 0 0 0 
-160.3034903504518 68.68699190610985 -4.97918429194 -0.684828198889 0 0 0 
-166.5103211785373 65.77208124752516 -5.83695309784 -4.24825017126 0 0 0 
-177.51537984055147 67.41552102693552 -1.04085492824 -4.16709596678 0 0 0 
-127.43149321222707 71.66548259298386 1.79066125614 -1.94882650255 0 0 0 
-139.7160299571745 73.51081277808709 -5.44902669723 -1.83669269243 0 0 0 
-140.97622076795938 71.23873729333127 -8.43841070307 1.45132623436 0 0 0 
-147.48481782732054 73.50891058637517 -11.1628133536 -2.26427085034 0 0 0 
-164.6300076587414 71.51137381182238 -8.85643289024 -2.54712906431 0 0 0 
-141.88281291587398 71.67623280922689 -9.34597196791 0.625040355758 0 0 0 
-129.23601780146817 77.96682069038471 0.061595167693 -5.52810927193 0 0 0 
-135.90648906043938 67.6835902590457 -3.82248693271 3.10986193282 0 0 0 
-175.9308823694462 68.94919763228917 -0.787278227191 -3.61747722239 0 0 0 
-144.97744858952586 72.15333706524297 -12.0974707996 -0.726964710316 0 0 0 
-145.31561835753237 74.10565683722511 -7.81667007142 -2.64248855438 0 0 0 
-133.8665196982355 70.44204952210019 -2.96748123493 2.05977408204 0 0 0 
-173.212937318932 69.81216975002565 -1.53045870577 -4.3607965176 0 0 0 
-156.8932806818774 65.2452024557712 -4.43185535287 -1.53764073159 0 0 0 
-129.7977749297128 66.37491047936986 1.14602189832 2.83754852253 0 0 0 
-169.8324921347202 65.63593757234348 -4.77876786826 -5.80410484267 0 0 0 
-148.32812879823717 70.34091374839588 -10.0425048134 1.54019046146 0 0 0 
-174.05555668102426 75.33843092363331 -11.3930655709 1.64118851031 0 0 0 
-156.09888181814057 70.80894112365569 -9.52700756981 -0.102539707318 0 0 0 
-176.35634950546915 77.5701807558172 -9.8805231327 3.34235035786 0 0 0 
-132.9383635558129 70.97759198831184 -2.10495095246 0.961322565349 0 0 0 
-164.8741025123137 74.33504716851786 -13.4255335485 0.331702199246 0 0 0 
-154.43172181183664 70.16763811314509 -8.16087482716 0.88884534999 0 0 0 
-154.22998980552308 72.59431604255464 -15.1458240996 -1.91252169512 0 0 0 
-173.08663173996956 70.28418062357395 -2.3758188171 -4.12377062676 0 0 0 
-145.8281002504952 67.33729540209016 -3.84627602695 0.0488567901917 0 0 0 
-146.61495849959104 76.60438573242202 -2.85724470509 -2.65532136136 0 0 0 
-130.46761983730158 70.66124635295166 -0.0917125738404 0.299336038462 0 0 0 
-143.5802996081 71.7274730786499 -10.5715824708 0.250883063688 0 0 0 
-139.33716657012516 68.73281865500779 -5.58188650154 2.98445372786 0 0 0 
-175.1147517853497 70.24359917281787 -1.56236979611 -3.21969984306 0 0 0 
-128.22021691622928 69.16443496932439 1.63866549955 0.151717499198 0 0 0 
-148.4706989839324 72.60052342219623 -14.3007574096 -1.86028485269 0 0 0 
-151.33943233697127 67.91647050865475 -4.71447847237 -0.319227275096 0 0 0 
-162.70748460299154 76.03437242513394 -11.9090394402 1.51588628917 0 0 0 
-164.5979392684249 75.59964525131834 -12.9741535912 1.59160373071 0 0 0 
-141.73824100291006 70.15424034542505 -8.20041376106 3.13846051823 0 0 0 
-144.73533126599588 69.62192954168259 -8.25230599834 2.48127030202 0 0 0 
-138.65049763716652 66.07088058294529 -2.80173701507 4.33276298475 0 0 0 
-137.92546574519554 68.9294691119939 -5.31799983327 3.24924475921 0 0 0 
-159.8654139821731 65.02765805375462 -5.63201855764 -1.11025237667 0 0 0 
-135.32901657953965 71.27074966346565 -4.02266073024 1.26358446165 0 0 0 
-129.7764485828871 72.3669163917187 0.418630143884 -1.82218998664 0 0 0 
-165.61494677159686 66.34051236808506 -5.72172220329 -3.58220975464 0 0 0 
-161.93181716470798 67.87210177521804 -4.9157278913 -1.3265739744 0 0 0 
-163.5881045769782 67.98431049009876 -5.03896521417 -2.16745375661 0 0 0 
-131.716249518781 69.76962028789926 -1.20107964411 1.76273877328 0 0 0 
-154.3423647493897 76.33752587105013 -7.65518377219 -0.6614276614 0 0 0 
-135.5250138033103 74.65865615099116 -0.929803980356 -3.67724755752 0 0 0 
-132.2794097852579 69.55334454619836 -1.68800995379 2.11351474662 0 0 0 
-175.89362576583477 73.8421410341412 -9.34464602362 -0.325555617838 0 0 0 
-128.03565775519962 73.53669366656156 0.921585997429 -3.44819180606 0 0 0 
-127.41159090027769 66.28619602110399 3.06011249915 1.47403534463 0 0 0 
-158.31584621183796 65.09082704348306 -4.98889535296 -1.26924136644 0 0 0 
-141.8155635004208 72.14995350560712 -9.62611138822 -0.143792730905 0 0 0 
-129.83366959347128 69.30878329655656 0.449250860448 0.959373751112 0 0 0 
-126.42451625543963 72.84417965977492 1.74342071217 -3.07687205842 0 0 0 
-156.72557132860973 68.81829803962246 -5.30509024158 0.137850252288 0 0 0 
-163.59792329469525 69.13736254985025 -4.92321913414 -2.31131986927 0 0 0 
-127.09339895985968 72.71990701653192 1.61597996141 -2.86450178769 0 0 0 
-157.87303475299015 77.29484162370976 -6.85408474518 0.982578823703 0 0 0 
-156.7629897067069 71.41127799035212 -11.2174155727 -0.781533706045 0 0 0 
-168.9577483839167 68.60732767008767 -3.44703624357 -4.91227033464 0 0 0 
-149.69091687746473 72.95867228070256 -13.8450533249 -2.09113567105 0 0 0 
-155.6291287370299 75.78433129270296 -9.9416233245 -0.576722453241 0 0 0 
-162.6061622008661 72.77267633269878 -12.6471231652 -1.69319189633 0 0 0 
-135.07586421167355 70.43008535368452 -3.97372779024 2.54068131695 0 0 0 
-136.71656051059847 67.89713097671246 -4.19094698565 3.07036806319 0 0 0 
-154.9055365063751 73.68624253992873 -13.6114259806 -1.58417648984 0 0 0 
-126.07333775482752 68.44670022661181 2.75947437697 -0.451750820489 0 0 0 
-127.91423471545785 70.30958370549943 1.75009908708 -0.630050232801 0 0 0 
-176.22069714084628 70.51323075118309 -2.11165916466 -2.45436464074 0 0 0 
-173.23026046500118 73.94043778238088 -10.4492654845 -0.264203697208 0 0 0 
-164.490392368326 77.51614958549865 -9.29031740125 2.69975614095 0 0 0 
-176.09607490958538 66.88579876785457 -1.82353850961 -5.13405000932 0 0 0 
-158.52165311408288 77.96446063865423 -6.04692434573 1.22693338991 0 0 0 
-163.9665837450069 75.18481090463747 -13.770720309 1.24248954473 0 0 0 
-135.25311964303717 66.61050278697864 -2.87684066405 4.34376068433 0 0 0 
-132.77798545786237 68.68666759665211 -2.0576077506 2.54916055631 0 0 0 
-172.12553567164622 72.54546462626918 -8.89845366901 -2.63805108953 0 0 0 
-161.8320775167578 73.76823934478267 -13.4398238586 -0.583832099194 0 0 0 
-148.9203870793093 70.43015029661967 -10.2295616056 1.31147985453 0 0 0 
-148.86205080498826 65.59833257386873 -3.36366234141 -2.20175303522 0 0 0 
-129.79194061667278 73.96600168025546 0.295868274174 -3.57577270883 0 0 0 
-159.9480743309577 77.47969262016004 -7.4250638099 1.67406886855 0 0 0 
-126.43202783828654 68.3457259013491 2.63126565244 -0.271035939864 0 0 0 
-137.96995413783966 77.6555178765749 -0.6196516338 -4.19323350048 0 0 0 
-130.19588402000585 71.68819622582483 0.148789232778 -0.953133508442 0 0 0 
-161.6605379989306 72.41079850822119 -12.5657575571 -1.91252887882 0 0 0 
-134.66731661367612 69.79310398432199 -3.68357121646 3.06132650009 0 0 0 
-174.6053795531974 76.17851151592231 -10.7872101588 2.26694106392 0 0 0 
-173.2016239920565 74.54361060681448 -11.2906488845 0.707877364417 0 0 0 
-173.69399627942502 76.91337566270954 -10.6006356115 2.89520393404 0 0 0 
-137.11683551129454 73.94311103447843 -2.81827176543 -2.51520979331 0 0 0 
-167.25914646011344 68.13293557191083 -4.32272583864 -4.26279919609 0 0 0 
-148.48773582212257 70.25286988302233 -9.8544421778 1.65148116041 0 0 0 
-158.91315414273367 65.06606552584395 -5.23549995119 -1.21030758219 0 0 0 
-134.26844908154402 69.99155108499967 -3.38420124048 2.87880947101 0 0 0 
-132.90660663690622 66.31643057833297 -1.37519208345 4.3877269608 0 0 0 
-168.8064798695666 76.46679492187953 -11.5699374272 2.54140493815 0 0 0 
-167.55835640679823 75.73977022656261 -12.695706784 2.04524966901 0 0 0 
-164.97325532359696 73.58023994100135 -12.6299832253 -0.744481246267 0 0 0 
-177.41449736757343 70.12890648145503 -0.859678479254 -1.75619880561 0 0 0 
-126.32647677546514 75.04191364982674 0.491905208866 -5.01043475814 0 0 0 
-158.50527348426397 75.12028148611388 -12.999384663 -0.108077136927 0 0 0 
-134.48720895447664 76.91659882244585 -0.668962850981 -4.48673979941 0 0 0 
-154.96967905660054 67.3298983104902 -3.6223339398 -0.639167170979 0 0 0 
-132.52908682776516 75.02771621927201 -0.0123209819539 -4.40208878274 0 0 0 
-161.03010398107511 68.55377706932893 -4.96198402176 -0.998155763556 0 0 0 
-176.2065736618183 69.62682222101661 -0.728039530849 -2.89143865817 0 0 0 
-144.19996917641885 67.84019023185917 -4.6047553948 0.910784281722 0 0 0 
-143.50714132807104 72.40590956059818 -11.2457321501 -0.84712276704 0 0 0 
-139.97135172812432 65.19543818986462 -1.89649154999 4.79441222067 0 0 0 
-167.635722054671 73.66896349637157 -12.0495960943 -0.692268900089 0 0 0 
-158.56982574094107 70.03173710781013 -6.15939017521 -0.00817153220491 0 0 0 
-163.29780368375617 65.24188984985751 -6.4186894109 -2.45603818059 0 0 0 
-127.4268234899665 73.84168054073038 0.969992326461 -3.84290515384 0 0 0 
-129.9275380892408 71.5446123025458 0.343221671253 -0.896219234658 0 0 0 
-154.57798211758447 73.86983106839483 -13.2667211565 -1.59807077199 0 0 0 
-168.41720303077787 68.75000846579609 -3.67808310956 -4.71184454503 0 0 0 
-141.04811080444617 74.46462499120486 -3.88393964291 -3.05434536097 0 0 0 
-165.6966859537188 76.19211885105997 -11.9424914471 2.09887752729 0 0 0 
-163.27730295664765 71.57907253746262 -9.50894494121 -2.14559095879 0 0 0 
-139.28387690051935 77.33157661550197 -0.630378144392 -3.91072147818 0 0 0 
-173.59842597280226 71.52506544182535 -5.6405469549 -3.12812447502 0 0 0 
-161.70831508045546 70.16733084997145 -5.76422562217 -1.42502762293 0 0 0 
-135.6683982029198 72.71700538691341 -3.80002861188 -0.925916767471 0 0 0 
-147.6820211603719 65.9432862197343 -3.39091565899 -1.41026891867 0 0 0 
-171.96910006401572 68.93697690295546 -1.97564092139 -5.13198375741 0 0 0 
-130.1593635134441 75.7709333672581 -0.0594471514452 -4.83309424711 0 0 0 
-162.40010498452403 75.91586263005395 -12.1207686834 1.38891494451 0 0 0 
-167.2695535016203 65.15765991918494 -6.04925262626 -4.83252908987 0 0 0 
-154.97891185801362 76.08459936583321 -8.76358461198 -0.599372126661 0 0 0 
-141.43523060727466 76.46801766956953 -1.38598389514 -3.58404840355 0 0 0 
-147.64030608026712 71.56341576753583 -12.4326461501 -0.257867075992 0 0 0 
-132.40202672153 66.10832314093732 -0.936623971113 4.52951316672 0 0 0 
-145.3945418981331 74.95267923250736 -5.24659836986 -3.31499014942 0 0 0 
-130.94868800195482 71.78841973508503 -0.426257138694 -0.801049441942 0 0 0 
-133.71650108824673 70.59212895271361 -2.81559268209 1.78450099268 0 0 0 
-174.46535598828612 69.58510001617078 -1.07232327983 -3.93405610522 0 0 0 
-174.7498707897483 67.87099309517444 -0.896366599427 -5.00182138819 0 0 0 
-150.07820754795185 72.86691765846565 -14.247146321 -2.08530414626 0 0 0 
-172.92364882140353 65.49617871000328 -4.05782823973 -6.27431638086 0 0 0 
-162.36227796968012 65.06030911805081 -6.42000909591 -1.93835774112 0 0 0 
-127.04057772968788 69.46358104615663 2.32274454746 -0.543794051901 0 0 0 
-132.4631057992303 77.81481601503152 -0.544269332702 -4.94423810638 0 0 0 
-167.90195635604786 66.53289550208405 -4.86984802088 -4.80274299466 0 0 0 
-173.03236802970872 76.59921359400289 -10.9309670421 2.68644007134 0 0 0 
-168.06957141155726 70.26273593776712 -4.30720159475 -4.34606055854 0 0 0 
-172.6934987702899 68.8062829880078 -1.63853611006 -5.10227567358 0 0 0 
-166.51846815391502 65.12624428694322 -6.2536800718 -4.41805721154 0 0 0 
-160.89572628275414 77.27587634341823 -8.37800226081 1.78946474243 0 0 0 
-135.7246248891058 66.42907269984207 -2.82690566292 4.52666894867 0 0 0 
-143.68314709300864 71.6947342956756 -10.603999496 0.284005250713 0 0 0 
-157.88962621813042 73.5402464429417 -13.8367303437 -1.20719410089 0 0 0 
-168.08396571809192 69.29953256398028 -3.72515995527 -4.57287101207 0 0 0 
-154.8159779936014 69.3754051216481 -6.51502791809 0.643652992217 0 0 0 
-177.05461759513508 74.49356684927517 -9.69406303086 0.474018793582 0 0 0 
-133.01919464414408 68.981739361985 -2.26155596411 2.55435018679 0 0 0 
-149.7646867157767 73.44238745077233 -12.5860337751 -2.2263165686 0 0 0 
-157.66466133667208 68.44975290786044 -4.79223004969 -0.068839899008 0 0 0 
-169.6000753034474 72.49982799614585 -9.75949865271 -2.78415094761 0 0 0 
-148.60920754044602 72.03124168604096 -13.643833234 -1.11015982422 0 0 0 
-126.57038352430993 69.85131540866502 2.48153563029 -0.904205110002 0 0 0 
-157.34377927717964 76.02394791126035 -10.0974846577 0.0680675887276 0 0 0 
-125.87938196912367 76.14945694521643 0.524572860458 -5.5166928767 0 0 0 
-136.56319729146364 66.97492881547932 -3.47297612591 3.70551350671 0 0 0 
-147.34230517429825 75.04736283416015 -6.47939917073 -3.10044730151 0 0 0 
-133.74305110687834 74.36567319999735 -0.744235516809 -3.45076538036 0 0 0 
-173.32382417768184 70.44065804395781 -2.72544720688 -3.91612455285 0 0 0 
-128.80333134039205 72.0401757153174 0.966292800364 -1.80007854433 0 0 0 
-148.93550305187364 72.97278963929836 -13.453560088 -2.05014733496 0 0 0 
-140.23425526447346 76.25698367219114 -1.25665233972 -3.76712821984 0 0 0 
-157.64346837857892 68.53882097487497 -4.88142058912 -0.0406517649785 0 0 0 
-161.0526459380591 73.6793090543132 -13.498531393 -0.734691805514 0 0 0 
-126.25212696811282 75.5445094120591 0.477944584761 -5.21755351872 0 0 0 
-159.45554963985177 77.00050595137301 -8.41734161546 1.26348460324 0 0 0 
-175.2293516535604 68.39057319775239 -0.828456088349 -4.43825974462 0 0 0 
-169.9480851975419 66.88019618298743 -3.59620340816 -5.60163298688 0 0 0 
-139.89440117295337 73.42655277959227 -5.78719048928 -1.72352309555 0 0 0 
-167.72636864345537 70.7958867122834 -5.88043512556 -3.89870782713 0 0 0 
-158.3725561547384 70.14411248932709 -6.58367586083 -0.0228263074186 0 0 0 
-150.92847794458956 67.29321097476996 -3.88010997484 -0.926401015347 0 0 0 
-161.04659655223332 68.90994959411286 -5.06823815158 -1.01481667142 0 0 0 
-153.19230469626245 65.21135873934593 -3.62208305884 -3.00508570179 0 0 0 
-160.47868476948048 70.78538655252535 -7.95600206651 -1.09115060913 0 0 0 
-158.34503302660096 72.23209756440674 -13.3012264984 -1.5968475744 0 0 0 
-167.5638382172645 72.02859772102455 -9.29272511239 -3.02551108554 0 0 0 
-166.72441908162813 68.89696404271095 -4.29557808615 -3.98665188994 0 0 0 
-146.29461337882918 71.66717421120724 -12.0383269561 -0.175805807711 0 0 0 
-155.17101918992898 67.73370698802017 -3.96123411507 -0.351210355305 0 0 0 
-168.7394304064062 66.65027631025237 -4.38483263941 -5.13243025878 0 0 0 
-146.2191379446151 68.54769473618117 -6.16883864037 1.02677533115 0 0 0 
-130.67774774425317 74.53482904219352 0.0836768688944 -4.07749747059 0 0 0 
-134.26894255342967 75.34168159111856 -0.29260157179 -4.30347972547 0 0 0 
-173.94958663852245 70.74795499833239 -3.35984919064 -3.47452845768 0 0 0 
-171.054332429324 69.62277862450493 -2.43208969644 -4.95129227579 0 0 0 
-138.84204860256818 72.86037652805592 -6.28036878415 -0.949407105983 0 0 0 
-164.6721660514702 70.73475757167249 -6.65141672308 -2.7942940644 0 0 0 
-141.46242802319946 75.75012267185295 -2.01221476665 -3.63034779174 0 0 0 
-173.34483832170005 73.56335090923393 -9.88959185846 -0.864637855293 0 0 0 
-126.55409042697981 65.64319171422495 3.75461316016 1.49438178894 0 0 0 
-157.8093727926125 67.5769583534028 -3.94895464215 -0.317863289702 0 0 0 
-172.71538483537466 69.56576284727898 -1.68921939898 -4.71402090064 0 0 0 
-175.00361095345383 75.98928467240506 -10.7635777087 2.09116894113 0 0 0 
-175.42451639594015 70.9257025235559 -3.40517634047 -2.77318072769 0 0 0 
-170.18671148667482 76.08840075987264 -11.8865667119 2.33915171478 0 0 0 
-164.02789232436044 73.71055708356256 -12.9783611293 -0.571943898895 0 0 0 
-147.64339077616873 74.84882365178686 -7.25938112354 -2.98942900778 0 0 0 
-136.71315308284377 73.8369615666722 -2.77844404105 -2.4028116344 0 0 0 
-126.19761814415162 66.085100422861 3.6177970865 0.983793250154 0 0 0 
-134.02959124739658 77.12693494977263 -0.708012636621 -4.56588921048 0 0 0 
-133.64369915854846 71.80042131291634 -2.53969271106 0.0289967577158 0 0 0 
-126.23032028986937 68.32720279466263 2.70771498114 -0.337853343527 0 0 0 
-169.985916420364 72.16670191437883 -8.71231071637 -3.09236606027 0 0 0 
-133.3420271692192 75.97435446407123 -0.373457724772 -4.47540530515 0 0 0 
-177.4506564570974 75.53370018601224 -10.0542897943 1.49566203156 0 0 0 
-136.59238823460717 68.78175217219359 -4.5940972388 3.23751441163 0 0 0 
-150.9570148317829 74.76430858364282 -9.82246570687 -2.33539915998 0 0 0 
-132.04966245692165 66.98846214461291 -1.12092736521 3.24187814791 0 0 0 
-153.59386085709326 71.4669127161091 -12.3314435362 -0.641647464052 0 0 0 
-152.18897693980074 67.70800446879325 -4.22110819924 -0.52113232188 0 0 0 
-155.29434536367523 77.71496951417059 -4.66856992278 0.252206387362 0 0 0 
-163.11805692210078 65.26917802430462 -6.38793698472 -2.33639488821 0 0 0 
-162.36102201352992 73.86184808578925 -13.4392506287 -0.433359420216 0 0 0 
-178.1577265329125 65.80232295871618 -3.66436485172 -5.40330646262 0 0 0 
-135.45784540147494 72.6257915669943 -3.74546138864 -0.822084680655 0 0 0 
-155.4835413320592 70.9536394631238 -10.2040678345 -0.170623050079 0 0 0 
-175.8932383045811 72.01909023675383 -6.32396035128 -2.22161904604 0 0 0 
-153.45478946314745 75.546397073098 -9.36445904831 -1.38848311805 0 0 0 
-166.09161785896578 65.9860881975053 -5.81190779652 -3.95241867878 0 0 0 
-164.5552679180306 77.63953715434947 -9.11303948201 2.72581548175 0 0 0 
-128.1176881070005 73.77756214972679 0.804465856025 -3.66552846172 0 0 0 
-152.6695964461502 76.5159368306447 -6.15569403597 -1.0967993812 0 0 0 
-152.12644986230194 69.29669305671676 -7.26135975528 0.852182866512 0 0 0 
-133.01891369063472 68.68145660016307 -2.23935529969 2.62088555872 0 0 0 
-144.59634007286158 74.46171074295165 -6.20373723282 -2.9557892895 0 0 0 
-148.68863790276788 71.83831235009444 -13.2540020499 -0.822986789362 0 0 0 
-130.9925667032478 75.98244549050368 -0.193787316972 -4.76177597585 0 0 0 
-176.4622889321258 68.10388002156216 -0.812000633496 -4.03702067001 0 0 0 
-153.75478732396653 68.91775706889118 -6.10882359691 0.420519742396 0 0 0 
-152.37069450739835 75.94550726004653 -7.57443509985 -1.50545785233 0 0 0 
-166.71874609740314 76.64356766949349 -11.2763636316 2.49239528322 0 0 0 
-151.72799960918945 77.81312870655835 -2.79368663132 -0.938576892591 0 0 0 
-174.13802611395639 73.15824421335893 -9.06286593866 -1.43557495099 0 0 0 
-177.5036313427044 70.4552208041494 -1.72000419886 -1.69799027132 0 0 0 
-154.1105667832193 70.10900455585428 -8.11903109241 1.0081111347 0 0 0 
-165.37104119455603 75.17432929781498 -13.744016625 1.44912602672 0 0 0 
-174.04370940512933 73.73712010846232 -9.87686501224 -0.557980521576 0 0 0 
-145.05916442890626 71.22091926802241 -10.8314025371 0.785804524863 0 0 0 
-139.0883678379737 69.32026311804357 -6.13167302091 3.28875521101 0 0 0 
-150.90901756530235 66.9637981501842 -3.80833804662 -1.28689343789 0 0 0 
-153.73551064321424 71.28780907003397 -11.7658995056 -0.421810094038 0 0 0 
-155.5465520406365 76.61842703714656 -7.5218671305 -0.126494117058 0 0 0 
-126.71596114260463 69.78502791097709 2.42812224305 -0.816322547633 0 0 0 
-147.6100261561737 70.6535949476702 -10.6599022082 1.16393700449 0 0 0 
-135.80697758689988 73.68496662401122 -2.48086577322 -2.27741272429 0 0 0 
-145.90959776902287 66.28100053071503 -3.29368428219 -0.127736499213 0 0 0 
-130.2257727506631 73.65901984184376 0.158071852937 -3.1516283903 0 0 0 
-168.687856774014 68.4523461762512 -3.59673471506 -4.83215370856 0 0 0 
-177.2447442776672 69.29071482159017 -0.639840703253 -2.53710211901 0 0 0 
-162.3648979656191 75.36426714960731 -13.3561223303 1.07157305164 0 0 0 
-136.93172557898149 74.92950469211067 -0.965979359738 -3.94458885452 0 0 0 
-157.99392995440775 68.63357970655859 -4.9720441124 -0.0956175567639 0 0 0 
-160.31164090971998 74.87260156977553 -13.8256835341 0.262700691102 0 0 0 
-148.80848818205308 75.7648465918471 -5.86623750376 -2.500329693 0 0 0 
-127.4152387970577 70.82583084394457 1.96650450078 -1.28784025568 0 0 0 
-173.67560830275113 75.85145353950158 -11.2288148458 2.06907472632 0 0 0 
-148.92817643561995 73.07892740740235 -13.1535452021 -2.08974565334 0 0 0 
-134.46743300564933 75.43359405634286 -0.333897344752 -4.29832838537 0 0 0 
-125.05745025454048 69.14877502189316 3.11185438077 -1.16920628974 0 0 0 
-138.4042457978499 67.71407782526674 -4.39202856184 2.72843866952 0 0 0 
-131.77180983230576 68.27435222284146 -1.19016477837 2.24473617675 0 0 0 
-161.37530531061537 68.75773011683705 -5.02933948827 -1.15550433129 0 0 0 
-125.22822659016526 69.89059401099894 3.01349084043 -1.45658500157 0 0 0 
-175.10243670534973 73.98290155410028 -9.81902155594 -0.161910467766 0 0 0 
-150.42539269777637 76.23765911684245 -5.62922696049 -1.8869745447 0 0 0 
-136.9029854808487 73.2027484435604 -4.00887656777 -1.47688261588 0 0 0 
-133.55403737751706 70.5125759414013 -2.69473205289 1.83531228939 0 0 0 
-154.70937575975327 77.12196631701147 -5.62246897836 -0.10469959734 0 0 0 
-133.78693325234343 76.77471880953027 -0.612715288314 -4.54445697119 0 0 0 
-170.56318452359676 77.95537386794035 -9.75066149169 3.49467186762 0 0 0 
-164.55974891163737 69.34869043708221 -4.75132240434 -2.87529947099 0 0 0 
-144.76977991489002 65.68504375298349 -2.78011652505 0.707645975252 0 0 0 
-156.6504402539553 68.95224861141433 -5.47925398773 0.196590309235 0 0 0 
-158.7028029477415 75.48470385819806 -12.0937542462 0.166392105452 0 0 0 
-178.02852809825347 66.45847747390381 -2.63100565912 -4.82449572152 0 0 0 
-137.3970330777227 75.48894338880723 -0.918939768002 -4.04815767144 0 0 0 
-169.57572506630183 68.97488112195624 -3.12853520189 -5.06840217617 0 0 0 
-173.72492816971794 66.21221024626244 -3.0067927623 -5.99175960026 0 0 0 
-160.30385329240397 73.01356811762702 -13.4750423891 -1.37293807689 0 0 0 
-155.95849800856217 68.03622707109307 -4.39305742904 -0.16737257306 0 0 0 
-130.80743783676402 74.49201781722451 0.0507210409917 -4.00791265971 0 0 0 
-165.5755501818092 77.33181504959484 -9.93365092105 2.76815880591 0 0 0 
-168.35367631616054 77.68472966771527 -9.91443522183 3.2202032559 0 0 0 
-176.70070353622702 66.65532100661778 -2.23169449191 -5.09778244352 0 0 0 
-144.30505018247203 72.84649658438532 -10.9544311227 -1.47903817932 0 0 0 
-155.64007042689838 76.89217440156143 -6.79029810889 0.0582142160321 0 0 0 
-144.67448991501698 68.31709026496124 -5.57851741485 1.21725426057 0 0 0 
-137.77890020260594 69.43022943375655 -5.6417525382 3.42267290797 0 0 0 
-158.52261468817943 68.79135568712829 -5.09262802543 -0.187904129049 0 0 0 
-128.2278637479447 74.41148072919711 0.548873976252 -4.26605829023 0 0 0 
-159.7674602778107 69.74005991753263 -5.53609298406 -0.432484560278 0 0 0 
-134.858714941495 67.13921529299719 -3.1338065132 3.65281231188 0 0 0 
-163.1921975402732 76.61633415982162 -10.7307292288 1.93380450823 0 0 0 
-144.37936380200279 72.17406845372841 -11.66766617 -0.641347280542 0 0 0 
-144.40644784110555 71.60112054835388 -10.9624885835 0.292871875251 0 0 0 
-137.58335730408538 69.42266229370539 -5.54586926787 3.43296212127 0 0 0 
-171.14629602643436 66.88636496288693 -3.01265150181 -5.77153741798 0 0 0 
-134.50144126415648 71.44833242478668 -3.30309692543 0.790556388963 0 0 0 
-129.17182277187106 71.42964367706615 0.801571799954 -1.07518036444 0 0 0 
-163.1057724026413 68.88918536537895 -4.99630916359 -2.00593500617 0 0 0 
-149.10890757221645 74.80914028776202 -8.4511233201 -2.71063418878 0 0 0 
-176.58305352917563 67.58054689903203 -0.856340483681 -4.43321488662 0 0 0 
-161.22631695752943 74.87466299525961 -13.9467408792 0.469364679999 0 0 0 
-159.4771505185513 74.53902870442218 -13.6467869366 -0.223675935403 0 0 0 
-139.64887971363623 72.49786527152685 -7.8623471488 -0.482465364886 0 0 0 
-144.84796167527193 71.39306094671467 -10.9602629335 0.545787363064 0 0 0 
-163.6112497773064 66.80660873310613 -5.50493338581 -2.28563202793 0 0 0 
-166.5312940467762 72.7688735024778 -11.2678829424 -2.11171492968 0 0 0 
-139.86296039129277 68.2909711907989 -5.18642445513 2.66917508874 0 0 0 
-132.10384089624276 74.23418055511473 -0.350132221647 -3.48670194771 0 0 0 
-125.16658649598364 68.36110138157473 3.1032900087 -0.751055470767 0 0 0 
-173.6889094012361 65.19015534792581 -4.43526637658 -6.3765954686 0 0 0 
-142.10189509599223 72.52631332016912 -10.0585841492 -0.782538829934 0 0 0 
-167.63547435723 72.10452869334459 -9.4709782198 -2.97862235674 0 0 0 
-127.04494035076577 76.0748684968214 0.311387364596 -5.3116623345 0 0 0 
-169.6708510726203 75.66292655918397 -12.4412814936 2.04381301096 0 0 0 
-151.30538866200018 71.56146329282232 -12.9081322557 -0.651831794266 0 0 0 
-129.6731191831633 69.59043354769769 0.553883171466 0.768677591245 0 0 0 
-169.3933554266585 74.26085632472846 -12.2565753462 0.306285326093 0 0 0 
-173.93664839450068 74.57853012574266 -11.0546555994 0.735128506675 0 0 0 
-150.94783990611919 73.87120539079305 -11.9848842528 -2.20431658999 0 0 0 
-176.91371980987824 66.72019662658663 -2.14079351454 -4.97835127538 0 0 0 
-128.11424782156965 68.33896006314251 1.77430494144 0.442189138012 0 0 0 
-141.57676935844816 74.70979440805516 -3.52444829921 -3.32739016835 0 0 0 
-170.62713727389473 71.54126330290313 -6.78556976832 -3.58974240234 0 0 0 
-150.86538338179162 75.9331549778295 -6.69764988266 -1.91854599682 0 0 0 
-149.34111874727554 75.41483954628623 -7.06876622782 -2.54139104599 0 0 0 
-129.43496323527276 69.24480400447084 0.743866686629 0.769107181354 0 0 0 
-150.1754617949351 68.84179077984105 -6.75805181324 0.62672634832 0 0 0 
-126.01945204941666 73.11036984694029 1.69405213576 -3.36950535958 0 0 0 
-128.1223361352593 72.16311888470825 1.32699451324 -2.13275152805 0 0 0 
-132.23502351967838 77.8525198574195 -0.489314995881 -4.99601167329 0 0 0 
-155.79928419592596 68.64129574700372 -5.22356045664 0.131956874224 0 0 0 
-126.89654430452518 76.56130122925488 0.288920787466 -5.5081885665 0 0 0 
-171.73663794609666 76.31761315010422 -11.3812858429 2.4997390925 0 0 0 
-167.39680825925166 76.25020636413694 -11.9434968945 2.33774678714 0 0 0 
-131.47319339995911 68.18296158352162 -0.923725904362 2.13453695084 0 0 0 
-164.67340687624656 65.92098263234516 -6.12128031761 -3.1427234529 0 0 0 
-154.83906418001465 74.0447134240703 -13.1047117651 -1.50175689652 0 0 0 
-174.94222539781987 72.00215738436265 -6.52498274656 -2.53197740919 0 0 0 
-164.00064327631054 71.03124884786133 -7.69329770766 -2.45049408834 0 0 0 
-166.62944640558953 72.19656517832384 -10.0795985767 -2.73323367471 0 0 0 
-155.20648634012264 77.6682552634024 -4.66367323484 0.232977689004 0 0 0 
-140.2210424184874 77.88282257796128 -0.47343625717 -3.92423510043 0 0 0 
-153.55198343583987 68.31075525988811 -5.1172412131 -0.0166824987333 0 0 0 
-160.59132348773846 70.90819370681855 -8.30865868501 -1.18523186362 0 0 0 
-162.307692679921 69.37631081280492 -5.09239746882 -1.63283558939 0 0 0 
-165.04284346261625 65.89357472125556 -6.15234451583 -3.37439599481 0 0 0 
-149.04775722422042 66.4584456926328 -3.66075857797 -1.52017650512 0 0 0 
-173.55379110746722 76.70598483163528 -10.7515166504 2.74101411021 0 0 0 
-137.23117975911543 75.25560843581259 -0.902852598258 -4.04305312461 0 0 0 
-160.89728095868716 77.29140024246412 -8.34074562158 1.79853121401 0 0 0 
-178.88536923493461 74.70314735490639 -9.28981300057 0.559213363989 0 0 0 
-170.51788417110856 69.97933433169018 -2.6724396873 -4.92246846196 0 0 0 
-175.78773660275115 71.10362542806477 -3.82237916234 -2.53174998956 0 0 0 
-126.3461595346887 77.68350621479188 0.560641368072 -6.02886769542 0 0 0 
-165.12352923471394 71.74683841036868 -9.34965395306 -2.60281260342 0 0 0 
-133.91569063088158 75.07468327006345 -0.188708326331 -4.29699821312 0 0 0 
-138.68945082089957 76.1770123647301 -1.04055881689 -3.95420567593 0 0 0 
-164.99183522428473 73.75160150056779 -12.8034553548 -0.49785858033 0 0 0 
-150.03493568840577 74.57865312078333 -9.73280676198 -2.49189780205 0 0 0 
-176.12295975957707 71.40288308056134 -4.57277663305 -2.2963840046 0 0 0 
-133.98067764426918 77.94149732050496 -0.509560898161 -4.81657713119 0 0 0 
-142.12202757853885 74.69981912535012 -3.86182573337 -3.28495228576 0 0 0 
-164.67946826016495 65.56245548134673 -6.33688151152 -3.24313388353 0 0 0 
-177.22029733949375 76.52800059696368 -9.98500144889 2.41881234651 0 0 0 
-160.48223854843678 75.45469919784816 -12.7411955432 0.670371921412 0 0 0 
-127.18584332461607 73.7592678246975 1.05811090838 -3.79612478992 0 0 0 
-125.60470233083403 77.38712467106741 0.60402031941 -6.10506078935 0 0 0 
-145.5900199336274 77.96633630903534 -0.865702283437 -2.821329113 0 0 0 
-148.0264560953891 74.90283417192389 -7.38423371951 -2.94683467756 0 0 0 
-126.37528441300705 74.83449296335398 0.587298627641 -4.84366020533 0 0 0 
-168.50405855595034 73.81083186232817 -11.9394113295 -0.464469622001 0 0 0 
-159.41248493773276 67.23787710335777 -4.38544036013 -0.596700370116 0 0 0 
-134.5015619697256 73.07827796015187 -2.43945446981 -1.59543824285 0 0 0 
-145.73529471318147 75.4989929055156 -4.46415974812 -3.16851858781 0 0 0 
-137.2759301533997 77.6177688363334 -0.668740801265 -4.27870411444 0 0 0 
-164.50909095262142 66.22279364109858 -5.92704863905 -2.96263880699 0 0 0 
-172.00540360334148 68.69233254049637 -1.94405061344 -5.23437560919 0 0 0 
-141.78692796681085 77.099444256926 -0.873189553686 -3.47697274488 0 0 0 
-175.6742866670374 65.38182216605482 -4.17703137862 -6.21043562638 0 0 0 
-158.59616369072555 69.65394036785273 -5.77429076959 -0.055094429495 0 0 0 
-144.12534110001505 74.05991219030469 -7.10751011025 -2.58820293385 0 0 0 
-174.86095017985483 69.52078357866742 -0.929819051971 -3.80537719047 0 0 0 
-133.6456442024087 69.9702274519864 -2.85896402083 2.60860147119 0 0 0 
-167.05343518094898 67.20092448293802 -4.7419924241 -4.20597056934 0 0 0 
-139.87544248879263 71.98317809455823 -7.92430820133 0.351541743571 0 0 0 
-142.48180669167562 70.40486975456048 -8.73127604042 2.63819888503 0 0 0 
-144.03819300351154 77.1479168181707 -1.12461586518 -3.06060842873 0 0 0 
-144.14549330782492 75.98648465475172 -2.82410320875 -3.27206306732 0 0 0 
-169.50832028445737 66.25493878579721 -4.36202823042 -5.54246730693 0 0 0 
-140.42274580285783 65.04103612414876 -1.77374197516 4.63525178613 0 0 0 
-146.28439338557135 66.2546877888439 -3.3321431023 -0.370834904726 0 0 0 
-166.51273680134614 74.1441828192186 -12.9041345462 0.104156988747 0 0 0 
-128.23126963532346 69.27765152728898 1.62282713917 0.110445898193 0 0 0 
-166.44051765639654 70.77698205289428 -6.236388173 -3.46846666141 0 0 0 
-148.43752856392467 65.19226056436115 -3.18075672085 -2.31254682824 0 0 0 
-171.99664904631686 73.09029274948767 -9.70761191197 -1.718932555 0 0 0 
-165.20901055949778 70.3678970978075 -5.46912840205 -3.15803718667 0 0 0 
-141.56686111394424 75.15195746643614 -2.58014364295 -3.66321835722 0 0 0 
-156.79968031741666 75.07873905925933 -12.4718908051 -0.649727554743 0 0 0 
-138.07199498198796 65.39244531179077 -2.15746024441 5.42537175168 0 0 0 
-160.61573646779527 69.29261124519014 -5.2139576871 -0.820600936491 0 0 0 
-150.9079223694601 72.69201834011919 -14.8410717647 -2.02934753017 0 0 0 
-150.43223438392724 70.62467003552322 -10.6213805525 0.798627372931 0 0 0 
-160.76080940363 65.73198947114359 -5.54500079638 -1.22748712197 0 0 0 
-136.84037752621325 70.1887347414822 -5.38316595062 3.19448052614 0 0 0 
-174.68616769007954 71.22980528367259 -4.45025385259 -2.96012107555 0 0 0 
-174.86814261181507 69.58809280294118 -0.930119065919 -3.75464499742 0 0 0 
-127.40218484742488 72.39681554573086 1.65226693377 -2.53406297745 0 0 0 
-128.64969406828334 75.97667190511623 0.079896843178 -5.06665748104 0 0 0 
-155.13763771152443 67.65079158075244 -3.83622099523 -0.401170751941 0 0 0 
-161.99577845772302 66.89446278828876 -5.23253767794 -1.43958584061 0 0 0 
-128.66137600094748 65.02119137933272 2.81251715314 3.46209178063 0 0 0 
-138.1598869585625 75.81219099326717 -1.04576662148 -3.99503386274 0 0 0 
-131.86717621384517 65.41985806841296 -0.0992942425604 5.09989220883 0 0 0 
-172.36564309190473 68.71258237720862 -1.76442313566 -5.22008182283 0 0 0 
-171.49590753316622 75.14115498480115 -12.4394266594 1.6429087336 0 0 0 
-146.50992175085983 69.1241312964748 -7.41705832698 1.54059148764 0 0 0 
-136.1552079864761 67.62838027454777 -3.87760754489 3.07798782098 0 0 0 
-154.4155982766486 67.25955055208861 -3.66211009527 -0.757097492612 0 0 0 
-154.26437069020633 65.1164632133647 -3.7765440391 -2.69011487098 0 0 0 
-153.91819918605017 77.45441827207517 -4.22388854719 -0.171699806732 0 0 0 
-135.88788325621437 75.6468220670392 -0.604462694809 -4.19739740864 0 0 0 
-142.48299879903817 68.04884671067951 -4.9655373885 1.66678493215 0 0 0 
-140.29854617772918 66.80514694093831 -3.49453688321 2.82894276971 0 0 0 
-178.3731628099123 70.0908728377972 -0.772114860273 -1.15640535535 0 0 0 
-141.74259526848294 68.84816182471657 -6.23730147681 2.52105489938 0 0 0 
-127.14714233244986 76.70560491137473 0.213111127737 -5.51253610376 0 0 0 
-154.16795100983134 69.1158231692943 -6.31621064474 0.531998938467 0 0 0 
-163.5131229583331 75.75857166646429 -12.5832332672 1.49920180885 0 0 0 
-151.48169743564736 75.92069134937218 -7.10461994654 -1.75880154571 0 0 0 
-149.7204892865241 75.45687659076573 -7.22215990833 -2.44067918007 0 0 0 
-178.04515939104715 67.02482656629671 -1.73749341181 -4.28548288695 0 0 0 
-155.5543072222763 77.55567116116457 -4.95796090084 0.366735476745 0 0 0 
-158.4039243782318 71.97990832702042 -12.4683756823 -1.41001831875 0 0 0 
-167.58194057478477 68.03943732327137 -4.22818042898 -4.43251180509 0 0 0 
-152.92477341160534 73.1635038856842 -14.1546181225 -1.95144221748 0 0 0 
-162.45248351062622 74.82836881929761 -14.0775122143 0.690556167482 0 0 0 
-125.39379651208863 76.76686742225178 0.64305394283 -5.87206125661 0 0 0 
-125.54786154186098 68.05454532990609 2.97572702669 -0.464084838742 0 0 0 
-170.18029694945 73.10040087967337 -10.3756456146 -1.73954721238 0 0 0 
