-130.22043343168917 72.65165132644485 0.1300836161662336 -2.0863186671702585 0 0 0 
-178.5771041316682 74.51845389623581 -9.254650344006857 0.28393430434587885 0 0 0 
-132.84155700643998 74.5643196435177 -0.6961974880415038 -3.92458283161831 0 0 0 
-169.21291901305378 76.12573328736136 -11.988324266269794 2.464723220126929 0 0 0 
-163.28935032402123 74.2898640729631 -13.683544044105746 0.04447419512170622 0 0 0 
-160.57990877493808 75.49827935300922 -12.672246077616292 0.9110718981379181 0 0 0 
-163.84418630171643 69.18754658198279 -4.935968968990141 -2.4634872538999457 0 0 0 
-155.9746416277645 67.1285438461765 -3.804189286199422 -0.6384996329867284 0 0 0 
-128.8939966609287 68.55787252071234 1.333522043602938 1.1682238823432696 0 0 0 
-166.56326126683751 76.32283155552989 -11.794255042453972 2.4592542020029167 0 0 0 
-127.7580033870412 67.84618382281616 2.1770929245790187 0.5961138855555799 0 0 0 
-164.35879800107142 66.5613446720649 -5.7460045577427845 -2.770706494103846 0 0 0 
-176.79184751076338 74.22685619469935 -9.59136256916485 -0.04550210287621213 0 0 0 
-131.37162099489944 66.00663760488254 -0.03737048537102613 4.320292397820032 0 0 0 
-171.3587197513154 65.35295877529322 -4.555976178336524 -6.220365357107764 0 0 0 
-176.6399659808312 74.77312629358835 -10.250852583206795 0.7430542455849771 0 0 0 
-156.8492202843146 72.69344071120484 -14.533597382803936 -1.7285414028771855 0 0 0 
-178.26652681379127 68.72112371579776 -1.1654529334174706 -2.411789901056198 0 0 0 
-127.27555961362557 77.26583787057045 0.10343262797083454 -5.680427561691707 0 0 0 
-160.79481086317128 66.95429973464302 -4.907725695935152 -0.9631758492634709 0 0 0 
-142.80908678542858 75.16411334632778 -3.1758106582718937 -3.651005349497999 0 0 0 
-153.2210943120822 75.18848239706725 -10.239705790089603 -1.6704130435379898 0 0 0 
-171.8220759468294 65.43021220127744 -4.322158954630979 -6.294523872130068 0 0 0 
-151.93354277270512 71.89648408617121 -13.903311900856682 -0.789565002414255 0 0 0 
-154.7600265491973 73.37602425265129 -14.011271737068919 -1.6797169908182377 0 0 0 
-173.62321558553518 76.64677881556378 -10.80958684529912 2.746270824736108 0 0 0 
-129.03326266208745 69.53143612848648 1.147754909655747 0.9397544494592901 0 0 0 
-154.75420908146427 69.60649302675857 -6.93237058262658 0.6477554368927487 0 0 0 
-166.99504260128637 70.3496366092109 -4.844961987640058 -4.336242429884702 0 0 0 
-136.3701941486417 77.8136157888226 -0.6383317413888868 -4.485914807828734 0 0 0 
-125.84041461382076 76.0179198022434 0.529460222349739 -5.471822656580042 0 0 0 
-152.3271870629993 76.9625772923728 -4.719140802671921 -0.98651639761335 0 0 0 
-160.99869921603246 66.48263659456316 -5.2223856219171765 -1.1263860156795176 0 0 0 
-176.22165120380026 67.15956929709856 -1.268171998321462 -5.032178052163843 0 0 0 
-137.49046406151663 69.99642634091039 -5.889938381462062 3.59843634339059 0 0 0 
-159.52402143846086 73.07073252076214 -13.705743632346147 -1.3559987261803013 0 0 0 
-128.6879557986705 70.1128978331247 1.495716024239851 0.5561108745530496 0 0 0 
-142.56335430705215 73.71899779397216 -7.01665014538908 -3.373046958890821 0 0 0 
-132.32169345823473 77.40925616176341 -0.7555008079591031 -4.816499454809035 0 0 0 
-147.27893182186483 67.90000563122028 -4.908824670879772 -0.16135577080521551 0 0 0 
-129.4490085587859 76.7423059928915 -0.2420187380587007 -5.15377602198992 0 0 0 
-139.60929666900114 69.12289366491316 -6.114391734349451 3.1796117349586948 0 0 0 
-171.4895301417159 66.17902307843131 -3.5543222749015553 -6.1398197378603 0 0 0 
-160.3034903504518 68.68699190610985 -4.991290841077413 -0.6923119424948937 0 0 0 
-166.5103211785373 65.77208124752516 -5.867539254482838 -4.281152165491065 0 0 0 
-177.51537984055147 67.41552102693552 -0.9964234985243932 -4.204923267247114 0 0 0 
-127.43149321222707 71.66548259298386 1.999651155738457 -1.9444576931541548 0 0 0 
-139.7160299571745 73.51081277808709 -5.671276771361639 -3.0578984774768188 0 0 0 
-140.97622076795938 71.23873729333127 -8.684599548195036 1.5791638061589015 0 0 0 
-147.48481782732054 73.50891058637517 -11.152383706407704 -2.8042424487833575 0 0 0 
-164.6300076587414 71.51137381182238 -8.8024842917271 -3.153383694040546 0 0 0 
-141.88281291587398 71.67623280922689 -9.55478380549512 0.7780081003145144 0 0 0 
-129.23601780146817 77.96682069038471 -0.021624019499188157 -5.615180237325204 0 0 0 
-135.90648906043938 67.6835902590457 -3.820071665862285 3.131231667701421 0 0 0 
-175.9308823694462 68.94919763228917 -0.8450572160476841 -3.6094370932329376 0 0 0 
-144.97744858952586 72.15333706524297 -12.200028819311015 -0.5721182339876314 0 0 0 
-145.31561835753237 74.10565683722511 -7.770788760411881 -3.4563186537352824 0 0 0 
-133.8665196982355 70.44204952210019 -3.3070787256001952 1.9923016297668208 0 0 0 
-173.212937318932 69.81216975002565 -1.511285806800702 -4.375524058156771 0 0 0 
-156.8932806818774 65.2452024557712 -4.475346246861404 -1.5411750880581467 0 0 0 
-129.7977749297128 66.37491047936986 1.1134785109535936 2.941120148957979 0 0 0 
-169.8324921347202 65.63593757234348 -4.747798000083855 -5.878333412677111 0 0 0 
-148.32812879823717 70.34091374839588 -10.104230996779194 1.7477854998721474 0 0 0 
-174.05555668102426 75.33843092363331 -11.41462177479209 1.665492781669581 0 0 0 
-156.09888181814057 70.80894112365569 -9.589365403514732 0.2816509173071287 0 0 0 
-176.35634950546915 77.5701807558172 -9.88395669604656 3.3524961266122837 0 0 0 
-132.9383635558129 70.97759198831184 -2.737776275786885 0.7295809355823013 0 0 0 
-164.8741025123137 74.33504716851786 -13.526516526207367 0.19535677901100726 0 0 0 
-154.43172181183664 70.16763811314509 -8.179421783973169 1.0115757357153685 0 0 0 
-154.22998980552308 72.59431604255464 -15.146053089664871 -1.913821832738252 0 0 0 
-173.08663173996956 70.28418062357395 -2.2234068670839306 -4.583422622358186 0 0 0 
-145.8281002504952 67.33729540209016 -3.8742791085755006 0.06055120739858996 0 0 0 
-146.61495849959104 76.60438573242202 -2.56633393631326 -3.241040296143835 0 0 0 
-130.46761983730158 70.66124635295166 1.1502405704251473 0.8139799846128599 0 0 0 
-143.5802996081 71.7274730786499 -10.758478984235932 0.48455761504514516 0 0 0 
-139.33716657012516 68.73281865500779 -5.572042898606793 3.0198297455288943 0 0 0 
-175.1147517853497 70.24359917281787 -1.3752526819908255 -3.6495986090708183 0 0 0 
-128.22021691622928 69.16443496932439 1.8519339001952007 0.5335154473744456 0 0 0 
-148.4706989839324 72.60052342219623 -14.302614488583975 -1.9274380023037978 0 0 0 
-151.33943233697127 67.91647050865475 -4.7564606626035735 -0.5680139036409718 0 0 0 
-162.70748460299154 76.03437242513394 -11.924921681524705 1.7717123664691015 0 0 0 
-164.5979392684249 75.59964525131834 -12.990978860227331 1.7533735015774812 0 0 0 
-141.73824100291006 70.15424034542505 -8.250488742179131 3.1930401852241737 0 0 0 
-144.73533126599588 69.62192954168259 -8.307493278087962 2.3459174264770923 0 0 0 
-138.65049763716652 66.07088058294529 -3.1550062453995316 4.500546229037647 0 0 0 
-137.92546574519554 68.9294691119939 -5.306390464267654 3.2819584962535613 0 0 0 
-159.8654139821731 65.02765805375462 -5.6326168852622205 -1.114003645947768 0 0 0 
-135.32901657953965 71.27074966346565 -4.4759075830939326 1.0566134046808555 0 0 0 
-129.7764485828871 72.3669163917187 0.6243934454919182 -1.8669103949647665 0 0 0 
-165.61494677159686 66.34051236808506 -5.750768394984043 -3.6056976545844477 0 0 0 
-161.93181716470798 67.87210177521804 -4.933120598291653 -1.3120394991653772 0 0 0 
-163.5881045769782 67.98431049009876 -5.086619222687166 -2.153478895815502 0 0 0 
-131.716249518781 69.76962028789926 -0.8537058974580918 2.102476360442082 0 0 0 
-154.3423647493897 76.33752587105013 -7.691677333207316 -0.511804224056439 0 0 0 
-135.5250138033103 74.65865615099116 -1.1699554272800792 -4.004177634127838 0 0 0 
-132.2794097852579 69.55334454619836 -1.5861778896513072 2.2494411851662477 0 0 0 
-175.89362576583477 73.8421410341412 -9.491039478412642 -0.6072688275494241 0 0 0 
-128.03565775519962 73.53669366656156 1.0959631496391662 -3.497415980786738 0 0 0 
-127.41159090027769 66.28619602110399 3.2074826063113924 1.3119167241736265 0 0 0 
-158.31584621183796 65.09082704348306 -4.9931355051663955 -1.2825571885872655 0 0 0 
-141.8155635004208 72.14995350560712 -9.743839960447897 -0.062459201159695124 0 0 0 
-129.83366959347128 69.30878329655656 0.4752242149959448 1.0759348657872352 0 0 0 
-126.42451625543963 72.84417965977492 1.8421661184579319 -3.110488639333827 0 0 0 
-156.72557132860973 68.81829803962246 -5.329536192473566 -0.006667514082797189 0 0 0 
-163.59792329469525 69.13736254985025 -4.974076590456123 -2.316944009524149 0 0 0 
-127.09339895985968 72.71990701653192 1.6842456970128323 -2.880714884398193 0 0 0 
-157.87303475299015 77.29484162370976 -6.861089421242916 1.0749517769751349 0 0 0 
-156.7629897067069 71.41127799035212 -11.287561357017854 -0.37768231863718116 0 0 0 
-168.9577483839167 68.60732767008767 -3.473252868402051 -4.949511000205372 0 0 0 
-149.69091687746473 72.95867228070256 -13.841136269983272 -2.271759210170317 0 0 0 
-155.6291287370299 75.78433129270296 -9.975436743962115 -0.35367252231990515 0 0 0 
-162.6061622008661 72.77267633269878 -12.676864140570917 -1.731919858336231 0 0 0 
-135.07586421167355 70.43008535368452 -4.257350315594251 2.44997332313872 0 0 0 
-136.71656051059847 67.89713097671246 -4.183737111105139 3.0993761683746994 0 0 0 
-154.9055365063751 73.68624253992873 -13.614660409980097 -1.56919461979909 0 0 0 
-126.07333775482752 68.44670022661181 2.8539770657190124 -0.38822262328115953 0 0 0 
-127.91423471545785 70.30958370549943 2.048322090847149 -0.3343082691860644 0 0 0 
-176.22069714084628 70.51323075118309 -1.7383940262732778 -3.2931703702477306 0 0 0 
-173.23026046500118 73.94043778238088 -10.646086807483794 -0.5969232218432894 0 0 0 
-164.490392368326 77.51614958549865 -9.291383958702909 2.701469346106936 0 0 0 
-176.09607490958538 66.88579876785457 -1.623913242933981 -5.348793043704228 0 0 0 
-158.52165311408288 77.96446063865423 -6.052414464718737 1.2370384114485296 0 0 0 
-163.9665837450069 75.18481090463747 -13.778997158671563 1.307299600442701 0 0 0 
-135.25311964303717 66.61050278697864 -3.216420543304821 4.401865304759342 0 0 0 
-132.77798545786237 68.68666759665211 -2.054293141549034 2.577973296686234 0 0 0 
-172.12553567164622 72.54546462626918 -8.910417389443587 -2.665838993501657 0 0 0 
-161.8320775167578 73.76823934478267 -13.50824711297129 -0.6523723178671484 0 0 0 
-148.9203870793093 70.43015029661967 -10.303480702758188 1.5724432577260183 0 0 0 
-148.86205080498826 65.59833257386873 -3.523734039350934 -2.2121414962836843 0 0 0 
-129.79194061667278 73.96600168025546 0.37840104875500974 -3.5834450487333083 0 0 0 
-159.9480743309577 77.47969262016004 -7.425727075622422 1.682687433272737 0 0 0 
-126.43202783828654 68.3457259013491 2.7230505315348608 -0.20953677035562446 0 0 0 
-137.96995413783966 77.6555178765749 -0.6281760929192378 -4.196523799338122 0 0 0 
-130.19588402000585 71.68819622582483 1.3522285542810262 -0.9039443189620959 0 0 0 
-161.6605379989306 72.41079850822119 -12.564070675425025 -1.9458055191843513 0 0 0 
-134.66731661367612 69.79310398432199 -3.659893073837898 3.099305958808616 0 0 0 
-174.6053795531974 76.17851151592231 -10.832671015242923 2.3148977695973616 0 0 0 
-173.2016239920565 74.54361060681448 -11.421204973431497 0.5076094893870958 0 0 0 
-173.69399627942502 76.91337566270954 -10.630236002668136 2.9387071274967136 0 0 0 
-137.11683551129454 73.94311103447843 -3.212998366432525 -3.430485316319935 0 0 0 
-167.25914646011344 68.13293557191083 -4.33934938779381 -4.276660469628636 0 0 0 
-148.48773582212257 70.25286988302233 -9.90132362988802 1.8130016526947301 0 0 0 
-158.91315414273367 65.06606552584395 -5.238349913792758 -1.2285909167770275 0 0 0 
-134.26844908154402 69.99155108499967 -3.340849112277156 2.9423542871596866 0 0 0 
-132.90660663690622 66.31643057833297 -1.7170890019295144 4.4535939224404455 0 0 0 
-168.8064798695666 76.46679492187953 -11.591896457616718 2.6732278930079425 0 0 0 
-167.55835640679823 75.73977022656261 -12.713823547748044 2.1766501360356827 0 0 0 
-164.97325532359696 73.58023994100135 -12.75122410039044 -0.9231703890586125 0 0 0 
-177.41449736757343 70.12890648145503 -0.7057779766360653 -1.9992402150867505 0 0 0 
-126.32647677546514 75.04191364982674 0.49038673993953086 -5.011635809547098 0 0 0 
-158.50527348426397 75.12028148611388 -13.012041632043402 -0.058763688127749236 0 0 0 
-134.48720895447664 76.91659882244585 -0.6626546879019667 -4.4935364640847375 0 0 0 
-154.96967905660054 67.3298983104902 -3.6530871570713415 -0.619856045573297 0 0 0 
-132.52908682776516 75.02771621927201 -0.01167999398742529 -4.402931117510297 0 0 0 
-161.03010398107511 68.55377706932893 -4.989413875544329 -0.9935788369117121 0 0 0 
-176.2065736618183 69.62682222101661 -0.763457998978758 -2.88499264932178 0 0 0 
-144.19996917641885 67.84019023185917 -4.658576355461783 0.7977557791336876 0 0 0 
-143.50714132807104 72.40590956059818 -11.281391035490456 -0.7980265890738621 0 0 0 
-139.97135172812432 65.19543818986462 -1.9801204896497657 4.864030338248888 0 0 0 
-167.635722054671 73.66896349637157 -12.236003921096385 -0.9767611071212623 0 0 0 
-158.56982574094107 70.03173710781013 -6.177264078442696 -0.024615930804079124 0 0 0 
-163.29780368375617 65.24188984985751 -6.458604069264669 -2.435495806222736 0 0 0 
-127.4268234899665 73.84168054073038 1.207886600245285 -3.883546537469983 0 0 0 
-129.9275380892408 71.5446123025458 1.415205133800686 -0.63199808663653 0 0 0 
-154.57798211758447 73.86983106839483 -13.270084048187632 -1.6005101667249964 0 0 0 
-168.41720303077787 68.75000846579609 -3.7010017827314865 -4.747650972576369 0 0 0 
-141.04811080444617 74.46462499120486 -3.8356587591309665 -3.9320567817372263 0 0 0 
-165.6966859537188 76.19211885105997 -11.960859782043187 2.296380676940827 0 0 0 
-163.27730295664765 71.57907253746262 -9.476095337464214 -2.56903515805551 0 0 0 
-139.28387690051935 77.33157661550197 -0.6257344907526515 -3.922333776442502 0 0 0 
-173.59842597280226 71.52506544182535 -5.5087053238058 -4.324382363156609 0 0 0 
-161.70831508045546 70.16733084997145 -5.787356177455297 -1.4944615853225198 0 0 0 
-135.6683982029198 72.71700538691341 -4.014215771035968 -1.1326300305576653 0 0 0 
-147.6820211603719 65.9432862197343 -3.4815439711514817 -1.4796277421273123 0 0 0 
-171.96910006401572 68.93697690295546 -1.9880616193086702 -5.152355394075661 0 0 0 
-130.1593635134441 75.7709333672581 -0.043016615331653386 -4.846919763677801 0 0 0 
-162.40010498452403 75.91586263005395 -12.137072075922754 1.639527905966058 0 0 0 
-167.2695535016203 65.15765991918494 -6.0578310542669325 -4.844122140459865 0 0 0 
-154.97891185801362 76.08459936583321 -8.793476860159315 -0.34927776428684515 0 0 0 
-141.43523060727466 76.46801766956953 -1.3138821599118187 -3.748519476959787 0 0 0 
-147.64030608026712 71.56341576753583 -12.58989993983686 0.13138743634860633 0 0 0 
-132.40202672153 66.10832314093732 -1.258691597459758 4.600314569445211 0 0 0 
-145.3945418981331 74.95267923250736 -5.231830829053487 -3.415034533351302 0 0 0 
-130.94868800195482 71.78841973508503 -1.5909139079046728 -0.9086503005597093 0 0 0 
-133.71650108824673 70.59212895271361 -3.2551593092815505 1.666058582187542 0 0 0 
-174.46535598828612 69.58510001617078 -1.0730732967513816 -3.9437019903073183 0 0 0 
-174.7498707897483 67.87099309517444 -0.9109824187635548 -5.005628765208958 0 0 0 
-150.07820754795185 72.86691765846565 -14.243415285173006 -2.213634298931538 0 0 0 
-172.92364882140353 65.49617871000328 -3.9830954316206872 -6.406968020251976 0 0 0 
-162.36227796968012 65.06030911805081 -6.423472531348183 -1.9331096023350396 0 0 0 
-127.04057772968788 69.46358104615663 2.3870487145454833 -0.5202687779522117 0 0 0 
-132.4631057992303 77.81481601503152 -0.5919384739667654 -4.982176609583752 0 0 0 
-167.90195635604786 66.53289550208405 -4.86363164476474 -4.863450662748937 0 0 0 
-173.03236802970872 76.59921359400289 -10.967608430924177 2.7498207194910402 0 0 0 
-168.06957141155726 70.26273593776712 -4.251661336943876 -4.680167616915021 0 0 0 
-172.6934987702899 68.8062829880078 -1.6606243417747912 -5.105140424620518 0 0 0 
-166.51846815391502 65.12624428694322 -6.288054288352582 -4.432043329264051 0 0 0 
-160.89572628275414 77.27587634341823 -8.38243084764775 1.8783043687877594 0 0 0 
-135.7246248891058 66.42907269984207 -3.192950204060359 4.611196779113532 0 0 0 
-143.68314709300864 71.6947342956756 -10.793636052375385 0.5279926796921327 0 0 0 
-157.88962621813042 73.5402464429417 -13.855805186786169 -1.1810351689872012 0 0 0 
-168.08396571809192 69.29953256398028 -3.7382820995245307 -4.597380635226754 0 0 0 
-154.8159779936014 69.3754051216481 -6.562481525057462 0.4407967603111043 0 0 0 
-177.05461759513508 74.49356684927517 -9.776814696746193 0.31557539028872966 0 0 0 
-133.01919464414408 68.981739361985 -2.2402473169265273 2.604991028153977 0 0 0 
-149.7646867157767 73.44238745077233 -12.574785344488113 -2.5026613393858383 0 0 0 
-157.66466133667208 68.44975290786044 -4.803385488769022 -0.15014647066898318 0 0 0 
-169.6000753034474 72.49982799614585 -9.759165079947419 -2.7888153394864235 0 0 0 
-148.60920754044602 72.03124168604096 -13.752307735323567 -0.839432516132221 0 0 0 
-126.57038352430993 69.85131540866502 2.529187247776277 -0.8544653922460862 0 0 0 
-157.34377927717964 76.02394791126035 -10.128896607519355 0.39010513709336697 0 0 0 
-125.87938196912367 76.14945694521643 0.5214193584719677 -5.522626276646782 0 0 0 
-136.56319729146364 66.97492881547932 -3.7242378345836036 3.7703884408997097 0 0 0 
-147.34230517429825 75.04736283416015 -6.4613244305186806 -3.1698596776095 0 0 0 
-133.74305110687834 74.36567319999735 -1.2074062817117779 -3.7175401636269103 0 0 0 
-173.32382417768184 70.44065804395781 -2.5159118416066457 -4.5933749298193325 0 0 0 
-128.80333134039205 72.0401757153174 1.4059944968243925 -1.801345745150166 0 0 0 
-148.93550305187364 72.97278963929836 -13.452243301146906 -2.2929852783540023 0 0 0 
-140.23425526447346 76.25698367219114 -1.2312372799789042 -3.850566355605509 0 0 0 
-157.64346837857892 68.53882097487497 -4.89311635050059 -0.12541429326573214 0 0 0 
-161.0526459380591 73.6793090543132 -13.554685442498204 -0.7778351923577895 0 0 0 
-126.25212696811282 75.5445094120591 0.47838231708928536 -5.221303174838629 0 0 0 
-159.45554963985177 77.00050595137301 -8.427807382151762 1.4587025352470913 0 0 0 
-175.2293516535604 68.39057319775239 -0.8762352942193087 -4.4342928062673215 0 0 0 
-169.9480851975419 66.88019618298743 -3.5576807040519167 -5.671800386700361 0 0 0 
-139.89440117295337 73.42655277959227 -6.007647977815524 -2.91906551305699 0 0 0 
-167.72636864345537 70.7958867122834 -5.780200076608289 -4.646288926405245 0 0 0 
-158.3725561547384 70.14411248932709 -6.605234600549836 0.011239564387994153 0 0 0 
-150.92847794458956 67.29321097476996 -3.95156000820354 -0.9156294781452409 0 0 0 
-161.04659655223332 68.90994959411286 -5.098433848687816 -1.0168506889980786 0 0 0 
-153.19230469626245 65.21135873934593 -3.714382541617201 -2.9961282374341534 0 0 0 
-160.47868476948048 70.78538655252535 -7.973176040143986 -1.1004188808867823 0 0 0 
-158.34503302660096 72.23209756440674 -13.321071464652832 -1.495512961683359 0 0 0 
-167.5638382172645 72.02859772102455 -9.293827904827483 -3.560572312821109 0 0 0 
-166.72441908162813 68.89696404271095 -4.335220995271182 -4.011920645389698 0 0 0 
-146.29461337882918 71.66717421120724 -12.20519930758733 0.16357771620515954 0 0 0 
-155.17101918992898 67.73370698802017 -3.973220624198521 -0.4361542215808293 0 0 0 
-168.7394304064062 66.65027631025237 -4.38603943512338 -5.2254308560572005 0 0 0 
-146.2191379446151 68.54769473618117 -6.284963886217608 0.666751464082983 0 0 0 
-130.67774774425317 74.53482904219352 0.005231417440413644 -4.119576314531831 0 0 0 
-134.26894255342967 75.34168159111856 -0.28994353330304284 -4.309744133694602 0 0 0 
-173.94958663852245 70.74795499833239 -3.0716095335991365 -4.509445804721631 0 0 0 
-171.054332429324 69.62277862450493 -2.4198137717280614 -4.979698923592045 0 0 0 
-138.84204860256818 72.86037652805592 -6.50790104089015 -1.520152805573899 0 0 0 
-164.6721660514702 70.73475757167249 -6.581264761745633 -3.319677558254034 0 0 0 
-141.46242802319946 75.75012267185295 -1.952217095017281 -3.797021927810895 0 0 0 
-173.34483832170005 73.56335090923393 -10.074617133369639 -1.198915427316991 0 0 0 
-126.55409042697981 65.64319171422495 3.905370953315649 1.4359592936439405 0 0 0 
-157.8093727926125 67.5769583534028 -3.951039833089433 -0.32399925086908987 0 0 0 
-172.71538483537466 69.56576284727898 -1.6961410935870005 -4.718533872204445 0 0 0 
-175.00361095345383 75.98928467240506 -10.808591240047436 2.1323822384419513 0 0 0 
-175.42451639594015 70.9257025235559 -3.0229705467119987 -4.011078749477887 0 0 0 
-170.18671148667482 76.08840075987264 -11.91569303266193 2.4490622000635387 0 0 0 
-164.02789232436044 73.71055708356256 -13.085343372646983 -0.7193270194841573 0 0 0 
-147.64339077616873 74.84882365178686 -7.246560380785801 -3.1225810602784794 0 0 0 
-136.71315308284377 73.8369615666722 -3.2375862813525065 -3.261724789077587 0 0 0 
-126.19761814415162 66.085100422861 3.7713921546978995 0.9024065695317214 0 0 0 
-134.02959124739658 77.12693494977263 -0.7032567636877707 -4.571685400052019 0 0 0 
-133.64369915854846 71.80042131291634 -2.992119875377928 -0.34701703239613313 0 0 0 
-126.23032028986937 68.32720279466263 2.799579295451742 -0.27284949617579046 0 0 0 
-169.985916420364 72.16670191437883 -8.75084720293082 -3.5460185691422668 0 0 0 
-133.3420271692192 75.97435446407123 -0.36190462352870106 -4.489417144825441 0 0 0 
-177.4506564570974 75.53370018601224 -10.098516376634233 1.4971712587648467 0 0 0 
-136.59238823460717 68.78175217219359 -4.574989898299067 3.2876250470579538 0 0 0 
-150.9570148317829 74.76430858364282 -9.81945927699914 -2.4327470690340105 0 0 0 
-132.04966245692165 66.98846214461291 -1.1937443654041193 3.4036856172416208 0 0 0 
-153.59386085709326 71.4669127161091 -12.44209783954143 -0.14991754700032006 0 0 0 
-152.18897693980074 67.70800446879325 -4.239990993914963 -0.6499259675982246 0 0 0 
-155.29434536367523 77.71496951417059 -4.678031752124298 0.2087591671932404 0 0 0 
-163.11805692210078 65.26917802430462 -6.422052455820456 -2.3183783729276777 0 0 0 
-162.36102201352992 73.86184808578925 -13.515445431969763 -0.5185373625695994 0 0 0 
-178.1577265329125 65.80232295871618 -3.4263971482870867 -5.663828424699052 0 0 0 
-135.45784540147494 72.6257915669943 -3.877737870187607 -0.9446547895997549 0 0 0 
-155.4835413320592 70.9536394631238 -10.279947076703046 0.2787431455299047 0 0 0 
-175.8932383045811 72.01909023675383 -6.224714251913337 -3.1188106326303298 0 0 0 
-153.45478946314745 75.546397073098 -9.385753029059579 -1.3549569075037269 0 0 0 
-166.09161785896578 65.9860881975053 -5.846949373835854 -3.983559274251751 0 0 0 
-164.5552679180306 77.63953715434947 -9.109866896668516 2.7679400798335267 0 0 0 
-128.1176881070005 73.77756214972679 0.9829617891352757 -3.7140365194119376 0 0 0 
-152.6695964461502 76.5159368306447 -6.16526236282341 -1.077132795666627 0 0 0 
-152.12644986230194 69.29669305671676 -7.350081976881238 0.5128618143952643 0 0 0 
-133.01891369063472 68.68145660016307 -2.218896597127173 2.6722369709741365 0 0 0 
-144.59634007286158 74.46171074295165 -6.141762417247723 -3.6289318989777497 0 0 0 
-148.68863790276788 71.83831235009444 -13.387710028708366 -0.47498686619841335 0 0 0 
-130.9925667032478 75.98244549050368 -0.17890256983424943 -4.778490284519051 0 0 0 
-176.4622889321258 68.10388002156216 -0.8602930056659287 -4.030715572782524 0 0 0 
-153.75478732396653 68.91775706889118 -6.180909257138907 0.09320541272291649 0 0 0 
-152.37069450739835 75.94550726004653 -7.576128868316172 -1.5241768189691003 0 0 0 
-166.71874609740314 76.64356766949349 -11.290962886580013 2.6498337957130436 0 0 0 
-151.72799960918945 77.81312870655835 -2.8308843382411926 -1.0496921339686103 0 0 0 
-174.13802611395639 73.15824421335893 -9.191859773686687 -1.6930302183189305 0 0 0 
-177.5036313427044 70.4552208041494 -1.2884287674314407 -2.4802235264138957 0 0 0 
-154.1105667832193 70.10900455585428 -8.132491717608676 1.0865669120919812 0 0 0 
-165.37104119455603 75.17432929781498 -13.751058670388954 1.5030646336478601 0 0 0 
-174.04370940512933 73.73712010846232 -10.059515575290062 -0.8880478746457295 0 0 0 
-145.05916442890626 71.22091926802241 -11.020850405655757 1.1223950238056246 0 0 0 
-139.0883678379737 69.32026311804357 -6.120155039005137 3.3290478078113446 0 0 0 
-150.90901756530235 66.9637981501842 -3.9688605338444134 -1.2675086179987438 0 0 0 
-153.73551064321424 71.28780907003397 -11.87339606745449 0.08465711314449882 0 0 0 
-155.5465520406365 76.61842703714656 -7.5521874507910915 0.10463173279811545 0 0 0 
-126.71596114260463 69.78502791097709 2.4786558230047646 -0.7718708883927138 0 0 0 
-147.6100261561737 70.6535949476702 -10.769427111593787 1.4882341593846808 0 0 0 
-135.80697758689988 73.68496662401122 -3.0559437218288297 -2.9406456449505662 0 0 0 
-145.90959776902287 66.28100053071503 -3.4212953273624507 -0.060641928726438095 0 0 0 
-130.2257727506631 73.65901984184376 0.16294293237190915 -3.195679665712776 0 0 0 
-168.687856774014 68.4523461762512 -3.6250869727867268 -4.872650267135756 0 0 0 
-177.2447442776672 69.29071482159017 -0.6791863767093095 -2.5290028091645365 0 0 0 
-162.3648979656191 75.36426714960731 -13.36820929098563 1.205754927550603 0 0 0 
-136.93172557898149 74.92950469211067 -0.9975930915635277 -4.0548281131361525 0 0 0 
-157.99392995440775 68.63357970655859 -4.985206181523691 -0.17183149130799072 0 0 0 
-160.31164090971998 74.87260156977553 -13.835701955594466 0.25771218668341406 0 0 0 
-148.80848818205308 75.7648465918471 -5.701517285375089 -3.0585158619724653 0 0 0 
-127.4152387970577 70.82583084394457 2.170089162430996 -1.2602658683937478 0 0 0 
-173.67560830275113 75.85145353950158 -11.268009831676464 2.1221602196207154 0 0 0 
-148.92817643561995 73.07892740740235 -13.15063300410121 -2.37328403287699 0 0 0 
-134.46743300564933 75.43359405634286 -0.32995957130432335 -4.304738797504046 0 0 0 
-125.05745025454048 69.14877502189316 3.166679611593555 -1.1592406436857219 0 0 0 
-138.4042457978499 67.71407782526674 -4.398731339022915 2.734848475115768 0 0 0 
-131.77180983230576 68.27435222284146 -0.948781935416945 2.504597648786138 0 0 0 
-161.37530531061537 68.75773011683705 -5.059329207643245 -1.1527786202397097 0 0 0 
-125.22822659016526 69.89059401099894 3.0362064876296126 -1.438312876660566 0 0 0 
-175.10243670534973 73.98290155410028 -9.983576349511141 -0.46227952201411987 0 0 0 
-150.42539269777637 76.23765911684245 -5.521831701378422 -2.3099861201003784 0 0 0 
-136.9029854808487 73.2027484435604 -4.452564907548614 -2.1833945595594004 0 0 0 
-133.55403737751706 70.5125759414013 -3.09742308857236 1.7454928229486129 0 0 0 
-154.70937575975327 77.12196631701147 -5.642424467065926 -0.01493948606328069 0 0 0 
-133.78693325234343 76.77471880953027 -0.6039596025972946 -4.554778227477859 0 0 0 
-170.56318452359676 77.95537386794035 -9.750210142395606 3.6098109474029663 0 0 0 
-164.55974891163737 69.34869043708221 -4.781432309677862 -2.8880023700046755 0 0 0 
-144.76977991489002 65.68504375298349 -2.8558221727371005 0.7480507090642077 0 0 0 
-156.6504402539553 68.95224861141433 -5.505291046996906 0.04955111332380724 0 0 0 
-158.7028029477415 75.48470385819806 -12.119841797634903 0.36080270257605596 0 0 0 
-178.02852809825347 66.45847747390381 -2.3530920840922342 -5.10696795648758 0 0 0 
-137.3970330777227 75.48894338880723 -0.9217116342856545 -4.051369777400473 0 0 0 
-169.57572506630183 68.97488112195624 -3.1428062430856767 -5.086797435388296 0 0 0 
-173.72492816971794 66.21221024626244 -2.83786438828134 -6.232871440656652 0 0 0 
-160.30385329240397 73.01356811762702 -13.504060012424599 -1.386851855776275 0 0 0 
-155.95849800856217 68.03622707109307 -4.413154088255273 -0.2991035099665172 0 0 0 
-130.80743783676402 74.49201781722451 -0.058147505422848446 -4.060341488296042 0 0 0 
-165.5755501818092 77.33181504959484 -9.936434706646521 2.8173888074145954 0 0 0 
-168.35367631616054 77.68472966771527 -9.912259234457652 3.278744360774788 0 0 0 
-176.70070353622702 66.65532100661778 -1.9691525792283138 -5.370002955183154 0 0 0 
-144.30505018247203 72.84649658438532 -11.000598979439797 -1.9603050008592842 0 0 0 
-155.64007042689838 76.89217440156143 -6.81584211701965 0.23770988443668142 0 0 0 
-144.67448991501698 68.31709026496124 -5.6628887912895225 0.9795661839291875 0 0 0 
-137.77890020260594 69.43022943375655 -5.631892542523731 3.4486176493313714 0 0 0 
-158.52261468817943 68.79135568712829 -5.106423506308345 -0.2507801610518923 0 0 0 
-128.2278637479447 74.41148072919711 0.6780495469691153 -4.299891087496772 0 0 0 
-159.7674602778107 69.74005991753263 -5.541096046758305 -0.448190882013328 0 0 0 
-134.858714941495 67.13921529299719 -3.30561591396675 3.68461197150158 0 0 0 
-163.1921975402732 76.61633415982162 -10.741985378356322 2.1625355665630766 0 0 0 
-144.37936380200279 72.17406845372841 -11.76893754503596 -0.497628292828363 0 0 0 
-144.40644784110555 71.60112054835388 -11.153463181484483 0.5807782636048697 0 0 0 
-137.58335730408538 69.42266229370539 -5.537014144426676 3.4523536813647486 0 0 0 
-171.14629602643436 66.88636496288693 -2.9567474897013337 -5.8994961175268905 0 0 0 
-134.50144126415648 71.44833242478668 -3.80876832182406 0.4894643756761887 0 0 0 
-129.17182277187106 71.42964367706615 1.7010810615047165 -0.7726127445740802 0 0 0 
-163.1057724026413 68.88918536537895 -5.034483787940962 -2.0048656165839924 0 0 0 
-149.10890757221645 74.80914028776202 -8.441581123445234 -2.8618554529656457 0 0 0 
-176.58305352917563 67.58054689903203 -0.8775734501349546 -4.431549040087161 0 0 0 
-161.22631695752943 74.87466299525961 -13.961077709501373 0.4570140674577989 0 0 0 
-159.4771505185513 74.53902870442218 -13.670353009024527 -0.227347893630753 0 0 0 
-139.64887971363623 72.49786527152685 -7.863163994480185 -0.48472035946373854 0 0 0 
-144.84796167527193 71.39306094671467 -11.15434368493849 0.8698836236444336 0 0 0 
-163.6112497773064 66.80660873310613 -5.549851945305578 -2.263061087804727 0 0 0 
-166.5312940467762 72.7688735024778 -11.325608139273008 -2.215340122220371 0 0 0 
-139.86296039129277 68.2909711907989 -5.1779598798976645 2.691219815813266 0 0 0 
-132.10384089624276 74.23418055511473 -0.7972000318826226 -3.5866312289072333 0 0 0 
-125.16658649598364 68.36110138157473 3.164907657211852 -0.7287117384177431 0 0 0 
-173.6889094012361 65.19015534792581 -4.394289908212073 -6.44712685153946 0 0 0 
-142.10189509599223 72.52631332016912 -10.070438984160061 -0.8294885744530218 0 0 0 
-167.63547435723 72.10452869334459 -9.477000512488825 -3.447816495294692 0 0 0 
-127.04494035076577 76.0748684968214 0.3195155025473212 -5.317280734179088 0 0 0 
-169.6708510726203 75.66292655918397 -12.464234396185939 2.137815763341974 0 0 0 
-151.30538866200018 71.56146329282232 -13.041561209289016 -0.18567990338906953 0 0 0 
-129.6731191831633 69.59043354769769 0.5807725992669875 1.0028956999515481 0 0 0 
-169.3933554266585 74.26085632472846 -12.438091785723152 0.038800885508184696 0 0 0 
-173.93664839450068 74.57853012574266 -11.170528869135348 0.5527960012356329 0 0 0 
-150.94783990611919 73.87120539079305 -11.97467150137491 -2.408702789533781 0 0 0 
-176.91371980987824 66.72019662658663 -1.8797544437376652 -5.240143254370687 0 0 0 
-128.11424782156965 68.33896006314251 1.9574710739043188 0.7266940764811648 0 0 0 
-141.57676935844816 74.70979440805516 -3.4668792002382 -3.8692316090711216 0 0 0 
-170.62713727389473 71.54126330290313 -6.768833624016451 -4.562790562584895 0 0 0 
-150.86538338179162 75.9331549778295 -6.632296076287356 -2.2618086072170565 0 0 0 
-149.34111874727554 75.41483954628623 -6.984854089731944 -2.886716791747597 0 0 0 
-129.43496323527276 69.24480400447084 0.8124877703473523 1.1093531598811865 0 0 0 
-150.1754617949351 68.84179077984105 -6.876013704962981 0.15142965732658759 0 0 0 
-126.01945204941666 73.11036984694029 1.8563578176158675 -3.4214996280258805 0 0 0 
-128.1223361352593 72.16311888470825 1.530755280386341 -2.1606399664409848 0 0 0 
-132.23502351967838 77.8525198574195 -0.544149799787822 -5.04019163632331 0 0 0 
-155.79928419592596 68.64129574700372 -5.260595817014899 -0.07306268315154102 0 0 0 
-126.89654430452518 76.56130122925488 0.29182604911160914 -5.515931657737644 0 0 0 
-171.73663794609666 76.31761315010422 -11.416541447699052 2.587425675254454 0 0 0 
-167.39680825925166 76.25020636413694 -11.962173398518889 2.498605779949944 0 0 0 
-131.47319339995911 68.18296158352162 -0.6275215778223343 2.4186773472574026 0 0 0 
-164.67340687624656 65.92098263234516 -6.140646540624687 -3.13715936441273 0 0 0 
-154.83906418001465 74.0447134240703 -13.108051967575777 -1.4921158031577393 0 0 0 
-174.94222539781987 72.00215738436265 -6.4592611215923075 -3.4284250920748343 0 0 0 
-164.00064327631054 71.03124884786133 -7.6450731945539605 -2.989099700703403 0 0 0 
-166.62944640558953 72.19656517832384 -10.083091319204977 -3.088839643119986 0 0 0 
-155.20648634012264 77.6682552634024 -4.670768715962085 0.1989195749259853 0 0 0 
-140.2210424184874 77.88282257796128 -0.4836776365868898 -3.9244795225616538 0 0 0 
-153.55198343583987 68.31075525988811 -5.172968461861928 -0.31875143894697344 0 0 0 
-160.59132348773846 70.90819370681855 -8.324699227739812 -1.213773308154008 0 0 0 
-162.307692679921 69.37631081280492 -5.1034678646899705 -1.6343307910046425 0 0 0 
-165.04284346261625 65.89357472125556 -6.1524439388546615 -3.3809385307704227 0 0 0 
-149.04775722422042 66.4584456926328 -3.8486762459774937 -1.5405015267967122 0 0 0 
-173.55379110746722 76.70598483163528 -10.787248361220891 2.794853371456331 0 0 0 
-137.23117975911543 75.25560843581259 -0.9060759027779655 -4.048632956554387 0 0 0 
-160.89728095868716 77.29140024246412 -8.345075221605322 1.8811215147396962 0 0 0 
-178.88536923493461 74.70314735490639 -9.32856713158182 0.4776331226799961 0 0 0 
-170.51788417110856 69.97933433169018 -2.65862038866851 -4.941208668352548 0 0 0 
-175.78773660275115 71.10362542806477 -3.4305916795057856 -3.873336871107736 0 0 0 
-126.3461595346887 77.68350621479188 0.5157548355012741 -6.075291484553823 0 0 0 
-165.12352923471394 71.74683841036868 -9.306028887286905 -3.1826106845963937 0 0 0 
-133.91569063088158 75.07468327006345 -0.19060283886605817 -4.300706811659893 0 0 0 
-138.68945082089957 76.1770123647301 -1.0390401365642712 -3.9898474514939735 0 0 0 
-164.99183522428473 73.75160150056779 -12.929101591667946 -0.6797488898039903 0 0 0 
-150.03493568840577 74.57865312078333 -9.720773464555254 -2.6377150817061663 0 0 0 
-176.12295975957707 71.40288308056134 -4.228923083794814 -3.682299714909992 0 0 0 
-133.98067764426918 77.94149732050496 -0.5636477062995626 -4.852640771738763 0 0 0 
-142.12202757853885 74.69981912535012 -3.803112987255901 -3.8125514162805154 0 0 0 
-164.67946826016495 65.56245548134673 -6.356466176499965 -3.2366944519183374 0 0 0 
-177.22029733949375 76.52800059696368 -10.045839276031325 2.4265804153465087 0 0 0 
-160.48223854843678 75.45469919784816 -12.758348054420871 0.8517056146817049 0 0 0 
-127.18584332461607 73.7592678246975 1.29367746930795 -3.8426237169029673 0 0 0 
-125.60470233083403 77.38712467106741 0.5908564897066426 -6.114583668828831 0 0 0 
-145.5900199336274 77.96633630903534 -0.900782597668749 -2.8308738161676694 0 0 0 
-148.0264560953891 74.90283417192389 -7.375484242428614 -3.0571813238024013 0 0 0 
-126.37528441300705 74.83449296335398 0.642269448395589 -4.866175221134382 0 0 0 
-168.50405855595034 73.81083186232817 -12.137235846840976 -0.7704998848352207 0 0 0 
-159.41248493773276 67.23787710335777 -4.390858236875298 -0.5821070637939251 0 0 0 
-134.5015619697256 73.07827796015187 -2.9151119594196997 -1.889244176476367 0 0 0 
-145.73529471318147 75.4989929055156 -4.3049447554672255 -3.6016998933284756 0 0 0 
-137.2759301533997 77.6177688363334 -0.6779576447388447 -4.281822831424138 0 0 0 
-164.50909095262142 66.22279364109858 -5.954779716689371 -2.9527654537712786 0 0 0 
-172.00540360334148 68.69233254049637 -1.959271016393656 -5.254593507396254 0 0 0 
-141.78692796681085 77.099444256926 -0.8217716527804195 -3.573997143832316 0 0 0 
-175.6742866670374 65.38182216605482 -4.05839965697673 -6.3793292371632715 0 0 0 
-158.59616369072555 69.65394036785273 -5.791222337904087 -0.1030409943138079 0 0 0 
-144.12534110001505 74.05991219030469 -7.063073169121262 -3.582717933995104 0 0 0 
-174.86095017985483 69.52078357866742 -0.9509092509115689 -3.80644146489586 0 0 0 
-133.6456442024087 69.9702274519864 -2.8058529582213194 2.6838242311541327 0 0 0 
-167.05343518094898 67.20092448293802 -4.766558551799545 -4.2309264924469625 0 0 0 
-139.87544248879263 71.98317809455823 -8.101071625055212 0.3725639802490429 0 0 0 
-142.48180669167562 70.40486975456048 -8.842354287659212 2.7536085464386737 0 0 0 
-144.03819300351154 77.1479168181707 -1.0088274627695335 -3.246483232730283 0 0 0 
-144.14549330782492 75.98648465475172 -2.618186039742134 -3.709460103495928 0 0 0 
-169.50832028445737 66.25493878579721 -4.334664499474608 -5.643525009477689 0 0 0 
-140.42274580285783 65.04103612414876 -1.8428012783653227 4.644835268771196 0 0 0 
-146.28439338557135 66.2546877888439 -3.4841802611695996 -0.32183139659711485 0 0 0 
-166.51273680134614 74.1441828192186 -13.05687678902194 -0.11145356280049738 0 0 0 
-128.23126963532346 69.27765152728898 1.836633666915947 0.506473287296631 0 0 0 
-166.44051765639654 70.77698205289428 -6.161092512441284 -4.144143644898376 0 0 0 
-148.43752856392467 65.19226056436115 -3.2721099050475875 -2.2993719646700486 0 0 0 
-171.99664904631686 73.09029274948767 -9.84387155532543 -1.9789162093460797 0 0 0 
-165.20901055949778 70.3678970978075 -5.413058560958614 -3.5002283154549496 0 0 0 
-141.56686111394424 75.15195746643614 -2.558958372359716 -3.748667802672485 0 0 0 
-156.79968031741666 75.07873905925933 -12.48122566596858 -0.6246959145585879 0 0 0 
-138.07199498198796 65.39244531179077 -2.354732869844634 5.523098596559222 0 0 0 
-160.61573646779527 69.29261124519014 -5.239018064789256 -0.8307552918759199 0 0 0 
-150.9079223694601 72.69201834011919 -14.839465301521422 -2.085900387910267 0 0 0 
-150.43223438392724 70.62467003552322 -10.713753453378581 1.1666570095830782 0 0 0 
-160.76080940363 65.73198947114359 -5.562470967043502 -1.1949587107593245 0 0 0 
-136.84037752621325 70.1887347414822 -5.477722046896981 3.2072434623201858 0 0 0 
-174.68616769007954 71.22980528367259 -4.167002408293058 -4.288618602472384 0 0 0 
-174.86814261181507 69.58809280294118 -0.9483378720747494 -3.7558080884713707 0 0 0 
-127.40218484742488 72.39681554573086 1.6873877125791958 -2.539160438263178 0 0 0 
-128.64969406828334 75.97667190511623 0.0918612108816608 -5.0785814805244 0 0 0 
-155.13763771152443 67.65079158075244 -3.8441254489142023 -0.45866901052870357 0 0 0 
-161.99577845772302 66.89446278828876 -5.2468348594234895 -1.4186128456539633 0 0 0 
-128.66137600094748 65.02119137933272 2.9733369069397173 3.6112347297413554 0 0 0 
-138.1598869585625 75.81219099326717 -1.0477953495467427 -4.018439435885934 0 0 0 
-131.86717621384517 65.41985806841296 -0.1421996715301057 5.239901360225498 0 0 0 
-172.36564309190473 68.71258237720862 -1.7890311556952345 -5.225257850418345 0 0 0 
-171.49590753316622 75.14115498480115 -12.44755073199706 1.6624258719232416 0 0 0 
-146.50992175085983 69.1241312964748 -7.537529749501824 1.1898816315430296 0 0 0 
-136.1552079864761 67.62838027454777 -3.8760971144596708 3.099277301814141 0 0 0 
-154.4155982766486 67.25955055208861 -3.7152989307504267 -0.7289124918360158 0 0 0 
-154.26437069020633 65.1164632133647 -3.831922259654048 -2.6835515668314085 0 0 0 
-153.91819918605017 77.45441827207517 -4.244890093982542 -0.23487086041653138 0 0 0 
-135.88788325621437 75.6468220670392 -0.6064279415362934 -4.208550406192842 0 0 0 
-142.48299879903817 68.04884671067951 -4.991300312575493 1.603156621960402 0 0 0 
-140.29854617772918 66.80514694093831 -3.752775787755945 2.973478550584278 0 0 0 
-178.3731628099123 70.0908728377972 -1.019132346590458 -1.2058031246561738 0 0 0 
-141.74259526848294 68.84816182471657 -6.269881715417092 2.472585508439697 0 0 0 
-127.14714233244986 76.70560491137473 0.21891660924234524 -5.519093594439609 0 0 0 
-154.16795100983134 69.1158231692943 -6.3806673039322215 0.24916378904191647 0 0 0 
-163.5131229583331 75.75857166646429 -12.601163771917715 1.7061791513645204 0 0 0 
-151.48169743564736 75.92069134937218 -7.075125172690481 -1.9948009550992942 0 0 0 
-149.7204892865241 75.45687659076573 -7.141137825188663 -2.7609003483228527 0 0 0 
-178.04515939104715 67.02482656629671 -1.5720325447101084 -4.455273057841597 0 0 0 
-155.5543072222763 77.55567116116457 -4.968451771200352 0.3305472054656999 0 0 0 
-158.4039243782318 71.97990832702042 -12.500918415417546 -1.2392572780945745 0 0 0 
-167.58194057478477 68.03943732327137 -4.230947628664039 -4.4429243469732045 0 0 0 
-152.92477341160534 73.1635038856842 -14.151892671995109 -2.0023226089506707 0 0 0 
-162.45248351062622 74.82836881929761 -14.098641395014331 0.6681706654458548 0 0 0 
-125.39379651208863 76.76686742225178 0.6366429507903725 -5.877245861623298 0 0 0 
-125.54786154186098 68.05454532990609 3.0434116842646652 -0.41372708849060913 0 0 0 
-170.18029694945 73.10040087967337 -10.51603297319779 -1.9938292517693552 0 0 0 
